100014348492
100016773624
100016784108
100016799386
100016129312
100018640796
10026350112152
100010839261
71828396193
100007958748
100005920091
100014418816
10028535007035
100007673355
100019908534
10023461734036
100009958327
100009082466
10026885796642
100010428809
100019791982
10026886759354
100007252923
100019791894
10024805329400
10026658145534
100006914135
100007266139
100019044460
72038066883
100008348530
100011203359
100016034372
100009339737
100016437606
100009077459
10022984759616
100020961264
10022971060627
100012686074
10022980030050
10022977700847
10022999400147
100016437654
55370143413
100016129330
10021302094065
100016437206
100020993090
10021442026923
10023046358807
10021724316644
100000177756
10025342026689
69324297885
10023105262313
5563195
10026538482860
56664781384
10022652175296
10023108638660
100010667255
100007299145
10025616586881
100010572294
100009186319
10026502585063
67119061697
10026003600746
10025237646790
10027423258506
10022926646994
10025683317038
10025408293479
10026115957136
10029358477036
10026766125434
67118436356
10026656243316
10021473215316
68389838720
10026263158328
10026061662183
66235786962
10025683328311
10025539386420
67117853959
100018209048
68373799833
10025616677261
100009630521
100017744916
100020269344
100013289674
100014448218
100010763726
10026915622143
100018478708
100017181144
100008603015
100012372810
100018478710
10026915016778
100017267996
100007980549
100009700283
100013565296
100010230789
10029326913201
10026819555457
100018444664
100008603165
100011386594
100007358015
10025015497202
10024895631150
10025480699928
68522640568
100012717834
100010658512
100018902024
100009989503
100017141348
100018537932
100017141384
10025843141808
100009737523
100018752514
100018530980
100014510086
100014391710
10027030346889
10025867104531
100007644459
100010663545
10027680861326
10026051199766
10026727437335
10027038960208
100016153922
100009737401
10021733700695
100009737413
100019244738
100007206415
100012545854
71192290560
100006875125
100010170063
67648940000
67297670710
67724604651
70381209101
69573262306
68378876180
71229569117
69332456782
66968828396
69740109931
10026202215224
10026769051859
10026061635284
67286554735
57152474548
70499628281
10026769107662
67785744823
72001579194
10027915041773
70469330574
59878811899
65930404731
100015626996
100020397224
100006713417
100010594803
100006771395
100019141914
100013528436
10027469410336
10023059250743
10026832307608
10023050865651
100013528442
100013367158
100009362215
100013528446
100007140975
100013143684
58111727464
100013528416
100007166001
10022879998553
100013528414
10026832076446
100007409845
100019902310
100007409847
10025711407487
10028444089326
100020698972
100008900999
100019362180
100015873860
100009945915
100010668303
100010395381
10027634941144
10022877648069
100008900359
10022049647728
10025616402438
10020751501617
10029199044070
10026624603997
10025851077080
10022043510902
100015053902
10027787687628
10023311898749
100020418208
10027200201763
100019685462
10026686069035
100009779603
10028445090775
100009266067
10026654660089
100008427917
100009112043
100009112039
100017628668
100013205938
100003475378
100015911310
100010090649
100014870874
100019181990
100008116763
100006349795
100011497146
100014589176
100016427374
100013216472
100011497124
100011498408
100014232050
100016029048
10026555730632
100012624994
100015758896
100003525706
100018271906
100017934036
100010304939
100005427733
100009234639
100018568440
100018568436
10028109111040
10028177645895
10028108871696
66042720642
10028196321936
10027235190720
10028144691198
71872391636
100020159132
10028164049842
10026850016076
10028303277993
10028172456800
10027235556520
100011052331
66041331169
66038731540
10028168695524
10020006267516
10026837033809
100006222219
10028626914307
10028174403985
10026488757286
100007043733
100020060410
100014064006
100020060430
69084695539
10027056601463
100007043747
10027049508490
10027158041920
10027037544597
10027282780078
68402074935
10026828856131
69189145548
10023722687522
10024011575424
10027160272408
10027230788744
100015844954
